11C
0 2.0 4.319 4.804 6.339 end
12C
0 4.439 1 2 3 4 5 6 7 8 9 10 11 12 13 14 15 end
13C
0 3.089 3.685 3.854 6.864 7.492 7.547 end
14C
0 6.094	6.589	6.728	6.903 end
15C
0	0.740	3.103	4.220	4.657 end
15O
0 5.183 5.241 6.176 end
16O
0 1 2 3 4 5 6 7 8 9 10 11 12 13 14 15 16 end
17O
0 0.871 3.055 3.843 4.514 4.554 4.594 4.989 5.085 5.181 5.216 5.351 5.379 5.407 end
18O
0 1.982 3.555 4 5 6 7 8 10 11 12 13 14 15 end
19O
0 0.096 1.472 2.372 2.779 3.067 end
19Ne
0 0.238 0.275 1.508 1.536 1.616 2.795 4.0329 4.140 4.1971 4.3791 4.549 4.6 4.635 4.712 4.783 5.092 5.351 5.424 5.463 5.539 5.832 6.013 6.092 6.149 6.288 6.419 6.437 6.45 6.698 6.742 6.861 7.076 7.173 7.238 7.253 7.5 7.351 7.608 7.644 7.7 7.788 7.819 7.994 8.069 8.236 8.442 8.523 8.810 8.92 9.013 9.1 end
20Ne
0 end
21Ne
0 0.351 1.746 2.788 2.794 2.867 3.663 3.734 3.884 4.432 4.526 4.685 4.725 5.335 5.432 5.550 5.631 5.690 5.774 5.819 5.821 5.993 6.033 6.175 6.260 6.267 6.412 6.448 6.544 6.608 6.640 6.749 6.857 6.901 7.007 7.023 7.042 7.109 7.154 7.211 7.226 7.294 7.320 7.357 7.423 7.465 7.547 7.600 7.627 7.627 7.649 7.740 7.810 7.690 7.979 7.982 8.008 8.062 8.154 8.222 8.241 8.287 8.303 8.360 8.402 8.430 8.465 8.522 8.591 8.665 8.680 8.782 8.801 8.849 8.859 8.930 8.991 9.077 9.149 end
23Ne
0 1.018 1.826 2.314 3.218 3.433 3.836 3.988 4.270 end
19F
0 1 2 3 4 5 6 7 8 end
23Mg
0 0.451 2.052 2.359 2.715 2.771 2.908 3.798 3.864 3.973 4.353 4.685 5.287 5.453 5.656 5.691 5.711 5.932 5.984 6.125 6.191 6.236 6.375 6.442 6.507 6.538 6.568 6.771 6.799 6.810 6.899 6.984 7.017 7.111 7.146 7.229 7.258 7.381 7.444 7.493 7.586 7.624 7.648 7.770 7.782 7.786 7.802 7.855 8.017 8.059 8.076 8.163 8.193 8.287 8.393 8.420 8.453 8.557 8.617 8.758 8.793 8.870 8.916 8.934 8.990 9.018 end
10B
0 0.72 2.15 3.582 4.77 5.11 5.17 5.92 6.04 6.13 6.56 6.67 7.05 end
11B
0 2.12 4.45 5.02 6.74 6.79 7.29 7.98 end
2H
0 1 2 3 4 5 6 7 end
29Si
0 1.273 2.028 2.426 3.624 4.080 7 8.603 8.609 8.610 8.622 8.641 8.655 8.670 8.762 8.854 8.865 8.909 8.959 9.019 9.151 9.157 9.219 9.252 9.298 9.326 9.392 9.413 9.518 9.630 9.667 9.683 9.765 9.779 9.850 9.943 9.952 10.006 10.083 10.131 10.170 10.213 10.236 10.252 11.087 11.305 11.665 12 end
27Si
0 0.781 0.957 2.164 2.647 2.866 2.910 3.540 3.804 4.138 4.289 4.447 4.475 4.704 5.062 5.233 5.391 5.523 6.343 end
57Ni
0	5	10	15 end
13N
0	1	2	3	5	10 end
14N
0	1	2	3	5	10 end
18F
0	0.937	1.042	1.081	1.121	1.701	2.11	2.523	3.062	3.134	3.358	3.754	3.791	3.839	4.116	4.226 4.360 4.398 4.652 4.753 end
2H
0	end
26Al
0	0.288	0.419	1.058	1.759	1.851	2.069	2.072	2.365	2.545	6.03631	end
27Al
0	0.84375	1.01456	2.21201	2.7349	2.98200	3.0042	3.6804	3.9568	end
35Ar
0	1	2	3	4	5	5.89629	6.042645	7	end
37Ar
0	1	2	3	4	5	6	7	8	8.71 end
24Al
0	1	2	3	4	5	6	7	8	end
25Al
0	1	2	2.27157	3	4	5	6	7	8	end
69Cu
0	1	2	3	4	5	6	7	8	9	10	end
70Zn
0	1	2	3	4	5	6	7	8	9	10	end